27
0.339583 0.683333 0
0.369792 0.697917 0
0.405729 0.720833 0
0.448958 0.575 0
0.448958 0.573958 0
0.448958 0.573958 0
0.448958 0.573958 0
0.448958 0.573958 0
0.410938 0.557292 0
0.400521 0.455208 0
0.442188 0.401042 0
0.442188 0.402083 0
0.442188 0.402083 0
0.442188 0.402083 0
0.404687 0.355208 0
0.359896 0.354167 0
0.323437 0.390625 0
0.277083 0.351042 0
0.244792 0.3625 0
0.216146 0.390625 0
0.200521 0.438542 0
0.190104 0.508333 0
0.216146 0.615625 0
0.257292 0.69375 0
0.286979 0.70625 0
0.316146 0.669792 0
0.339062 0.68125 0
31
3
0 1 0
0 1 0
0 1 0
1
1
1
4.58496
4
4
19 3
0.276563      0.7        0
0.326562 0.677083        0
0.380208      0.7        0
0.448958    0.575        0
0.448958 0.573958        0
0.448958 0.573958        0
0.448958 0.573958        0
0.448958 0.573958        0
0.409896 0.526042        0
0.406771 0.452083        0
0.442187 0.401042        0
0.442187 0.402083        0
0.442187 0.402083        0
0.442187 0.402083        0
0.406771   0.3625        0
0.359896 0.358333        0
0.322917 0.376042        0
0.277604 0.354167        0
0.244792   0.3625        0
0
12
0.319271 0.352083 0
0.346875 0.355208 0
0.382812 0.313542 0
0.384896 0.244792 0
0.384896 0.244792 0
0.384896 0.244792 0
0.384896 0.244792 0
0.384896 0.244792 0
0.384896 0.244792 0
0.35625 0.254167 0
0.318229 0.29375 0
0.319271 0.348958 0
16
3
0 1 0
0 1 0
0 1 0
1
1
1
3.16993
3
3
11 3
0.319271 0.352083        0
0.348958  0.34375        0
0.377083 0.301042        0
0.384896 0.244792        0
0.384896 0.244792        0
0.384896 0.244792        0
0.384896 0.244792        0
0.384896 0.244792        0
0.384896 0.244792        0
0.357292  0.25625        0
0.334375 0.285417        0
0
70
0.631771 0.688542 0
0.631771 0.688542 0
0.631771 0.688542 0
0.583854 0.703125 0
0.547396 0.683333 0
0.526563 0.642708 0
0.526563 0.4125 0
0.526042 0.411458 0
0.526042 0.411458 0
0.526042 0.411458 0
0.526042 0.411458 0
0.491667 0.4125 0
0.491146 0.4125 0
0.491146 0.4125 0
0.491146 0.4125 0
0.491146 0.4125 0
0.492188 0.355208 0
0.492188 0.355208 0
0.492188 0.355208 0
0.492188 0.355208 0
0.492188 0.355208 0
0.492188 0.355208 0
0.526042 0.35625 0
0.526563 0.35625 0
0.526563 0.35625 0
0.526563 0.35625 0
0.526563 0.35625 0
0.526042 0.29375 0
0.526042 0.29375 0
0.526042 0.29375 0
0.526042 0.29375 0
0.526042 0.29375 0
0.577604 0.270833 0
0.578125 0.270833 0
0.578125 0.270833 0
0.578125 0.270833 0
0.578125 0.270833 0
0.578646 0.35625 0
0.578125 0.35625 0
0.578125 0.35625 0
0.578125 0.35625 0
0.578125 0.35625 0
0.633854 0.358333 0
0.633854 0.358333 0
0.633854 0.358333 0
0.633854 0.358333 0
0.633854 0.358333 0
0.634375 0.411458 0
0.634896 0.411458 0
0.634896 0.411458 0
0.634896 0.411458 0
0.634896 0.411458 0
0.577083 0.411458 0
0.576562 0.411458 0
0.576562 0.411458 0
0.576562 0.411458 0
0.576562 0.411458 0
0.575 0.601042 0
0.585938 0.633333 0
0.614583 0.638542 0
0.63125 0.63125 0
0.63125 0.63125 0
0.63125 0.63125 0
0.63125 0.63125 0
0.63125 0.63125 0
0.631771 0.688542 0
0.632292 0.688542 0
0.632292 0.688542 0
0.632292 0.688542 0
0.632292 0.688542 0
74
3
0 1 0
0 1 0
0 1 0
1
1
1
6.06609
6
6
67 3
0.631771 0.688542        0
0.631771 0.688542        0
0.631771 0.688542        0
0.583854 0.697917        0
0.546354 0.678125        0
0.527604 0.626042        0
0.526563   0.4125        0
0.526042 0.411458        0
0.526042 0.411458        0
0.526042 0.411458        0
0.526042 0.411458        0
0.491667   0.4125        0
0.491146   0.4125        0
0.491146   0.4125        0
0.491146   0.4125        0
0.491146   0.4125        0
0.492188 0.355208        0
0.492188 0.355208        0
0.492188 0.355208        0
0.492188 0.355208        0
0.492188 0.355208        0
0.492188 0.355208        0
0.526042  0.35625        0
0.526563  0.35625        0
0.526563  0.35625        0
0.526563  0.35625        0
0.526563  0.35625        0
0.526042  0.29375        0
0.526042  0.29375        0
0.526042  0.29375        0
0.526042  0.29375        0
0.526042  0.29375        0
0.577604 0.270833        0
0.578125 0.270833        0
0.578125 0.270833        0
0.578125 0.270833        0
0.578125 0.270833        0
0.578646  0.35625        0
0.578125  0.35625        0
0.578125  0.35625        0
0.578125  0.35625        0
0.578125  0.35625        0
0.633854 0.358333        0
0.633854 0.358333        0
0.633854 0.358333        0
0.633854 0.358333        0
0.633854 0.358333        0
0.634375 0.411458        0
0.634896 0.411458        0
0.634896 0.411458        0
0.634896 0.411458        0
0.634896 0.411458        0
0.577083 0.411458        0
0.576563 0.411458        0
0.576563 0.411458        0
0.576563 0.411458        0
0.576563 0.411458        0
0.576563 0.584375        0
0.594271  0.63125        0
0.614583 0.638542        0
 0.63125  0.63125        0
 0.63125  0.63125        0
 0.63125  0.63125        0
 0.63125  0.63125        0
 0.63125  0.63125        0
0.631771 0.688542        0
0.632292 0.688542        0
0
43
0.65 0.35625 0
0.65 0.357292 0
0.65 0.357292 0
0.65 0.357292 0
0.65 0.357292 0
0.65 0.357292 0
0.733854 0.689583 0
0.733854 0.689583 0
0.733854 0.689583 0
0.733854 0.689583 0
0.733854 0.689583 0
0.733854 0.688542 0
0.783854 0.689583 0
0.783854 0.689583 0
0.783854 0.689583 0
0.783854 0.689583 0
0.783854 0.689583 0
0.783854 0.689583 0
0.872917 0.354167 0
0.872396 0.355208 0
0.872396 0.355208 0
0.872396 0.355208 0
0.872396 0.355208 0
0.81875 0.353125 0
0.818229 0.353125 0
0.818229 0.353125 0
0.818229 0.353125 0
0.818229 0.353125 0
0.7625 0.610417 0
0.7625 0.610417 0
0.7625 0.610417 0
0.7625 0.610417 0
0.7625 0.610417 0
0.70625 0.354167 0
0.705729 0.353125 0
0.705729 0.353125 0
0.705729 0.353125 0
0.705729 0.353125 0
0.651042 0.35625 0
0.650521 0.355208 0
0.650521 0.355208 0
0.650521 0.355208 0
0.650521 0.355208 0
47
3
0 1 0
0 1 0
0 1 0
1
1
1
5.32193
5
5
35 3
    0.65  0.35625        0
    0.65 0.357292        0
    0.65 0.357292        0
    0.65 0.357292        0
    0.65 0.357292        0
    0.65 0.357292        0
0.733854 0.689583        0
0.733854 0.689583        0
0.733854 0.689583        0
0.733854 0.689583        0
0.733854 0.689583        0
0.733854 0.688542        0
0.783854 0.689583        0
0.783854 0.689583        0
0.783854 0.689583        0
0.783854 0.689583        0
0.783854 0.689583        0
0.783854 0.689583        0
0.872917 0.354167        0
0.872396 0.355208        0
0.872396 0.355208        0
0.872396 0.355208        0
0.872396 0.355208        0
 0.81875 0.353125        0
0.818229 0.353125        0
0.818229 0.353125        0
0.818229 0.353125        0
0.818229 0.353125        0
  0.7625 0.610417        0
  0.7625 0.610417        0
  0.7625 0.610417        0
  0.7625 0.610417        0
  0.7625 0.610417        0
 0.70625 0.354167        0
0.705729 0.353125        0
0
-100000
