107
0.00416667 0.388542 0
0.0151042 0.407292 0
0.034375 0.407292 0
0.0572917 0.411458 0
0.071875 0.410417 0
0.0895833 0.411458 0
0.111979 0.408333 0
0.123958 0.404167 0
0.138021 0.397917 0
0.140625 0.385417 0
0.141146 0.366667 0
0.141146 0.35625 0
0.141146 0.35625 0
0.136979 0.354167 0
0.1375 0.348958 0
0.141146 0.344792 0
0.140104 0.325 0
0.127083 0.314583 0
0.117188 0.308333 0
0.116146 0.276042 0
0.104167 0.284375 0
0.096875 0.25 0
0.0947917 0.2125 0
0.107813 0.2125 0
0.126562 0.208333 0
0.130208 0.197917 0
0.128646 0.1875 0
0.11875 0.18125 0
0.121354 0.167708 0
0.115104 0.164583 0
0.109896 0.161458 0
0.109375 0.153125 0
0.117188 0.144792 0
0.106771 0.138542 0
0.111458 0.130208 0
0.120833 0.107292 0
0.130208 0.0822917 0
0.114062 0.0770833 0
0.0932292 0.0729167 0
0.09375 0.0645833 0
0.0854167 0.06875 0
0.0916667 0.05625 0
0.0833333 0.0479167 0
0.0828125 0.046875 0
0.0828125 0.046875 0
0.0989583 0.046875 0
0.0989583 0.046875 0
0.0989583 0.046875 0
0.0989583 0.046875 0
0.0989583 0.0229167 0
0.0989583 0.0229167 0
0.0989583 0.0229167 0
0.0989583 0.0229167 0
0.0989583 0.0229167 0
0.08125 0.021875 0
0.08125 0.021875 0
0.08125 0.021875 0
0.08125 0.021875 0
0.08125 0.021875 0
0.0822917 0.009375 0
0.0776042 0.00208333 0
0.0677083 0.00104167 0
0.0583333 0.00833333 0
0.0619792 0.0229167 0
0.0619792 0.021875 0
0.0619792 0.021875 0
0.0432292 0.0239583 0
0.04375 0.0239583 0
0.04375 0.0239583 0
0.04375 0.0239583 0
0.04375 0.0239583 0
0.0432292 0.0447917 0
0.0432292 0.0447917 0
0.0432292 0.0447917 0
0.0432292 0.0447917 0
0.0432292 0.0447917 0
0.0588542 0.046875 0
0.0588542 0.046875 0
0.0588542 0.046875 0
0.0588542 0.046875 0
0.0588542 0.046875 0
0.0541667 0.0583333 0
0.0572917 0.065625 0
0.0494792 0.0666667 0
0.0494792 0.0729167 0
0.0203125 0.0822917 0
0.0166667 0.0875 0
0.0197917 0.096875 0
0.0385417 0.144792 0
0.0265625 0.142708 0
0.0385417 0.160417 0
0.0203125 0.164583 0
0.0265625 0.182292 0
0.0130208 0.191667 0
0.0140625 0.204167 0
0.0359375 0.2125 0
0.05 0.215625 0
0.0442708 0.261458 0
0.0416667 0.279167 0
0.0270833 0.278125 0
0.0255208 0.301042 0
0.015625 0.314583 0
0.00416667 0.323958 0
0.0015625 0.34375 0
0.00729167 0.35625 0
0.00104167 0.358333 0
0.00364583 0.383333 0
111
3
0.121354 0.00260417 0.0015625
0.261458 0.0015625 0.00208333
0.146354 0.0015625 0.00104167
6.875
0.015625
1
6.70044
6
6
67 3
0.00416667   0.388542          0
 0.0151042   0.407292          0
  0.034375   0.407292          0
 0.0572917   0.411458          0
  0.071875   0.410417          0
 0.0895833   0.411458          0
  0.111979   0.408333          0
  0.123958   0.404167          0
    0.1375   0.397917          0
  0.140625   0.385417          0
  0.141146   0.366667          0
  0.141146    0.35625          0
  0.141146    0.35625          0
  0.136979   0.354167          0
    0.1375   0.348958          0
  0.141146   0.344792          0
  0.140104      0.325          0
  0.127083   0.314583          0
  0.117188   0.308333          0
  0.116146   0.276042          0
  0.104167   0.284375          0
  0.096875       0.25          0
 0.0947917     0.2125          0
  0.107813     0.2125          0
  0.126563   0.208333          0
  0.130208   0.197917          0
  0.128646     0.1875          0
   0.11875    0.18125          0
  0.121354   0.167708          0
  0.115104   0.164583          0
  0.109896   0.161458          0
  0.109375   0.153125          0
  0.117188   0.144792          0
  0.106771   0.138542          0
  0.111458   0.130208          0
  0.120833   0.107292          0
  0.130208   0.084375          0
  0.114063  0.0770833          0
 0.0932292  0.0729167          0
   0.09375  0.0645833          0
 0.0854167    0.06875          0
 0.0916667    0.05625          0
 0.0833333  0.0479167          0
 0.0828125   0.046875          0
 0.0828125   0.046875          0
 0.0989583   0.046875          0
 0.0989583   0.046875          0
 0.0989583   0.046875          0
 0.0989583   0.046875          0
 0.0989583  0.0229167          0
 0.0989583  0.0229167          0
 0.0989583  0.0229167          0
 0.0989583  0.0229167          0
 0.0989583  0.0229167          0
   0.08125   0.021875          0
   0.08125   0.021875          0
   0.08125   0.021875          0
   0.08125   0.021875          0
   0.08125   0.021875          0
 0.0822917   0.009375          0
 0.0776042 0.00208333          0
 0.0677083 0.00104167          0
 0.0604167  0.0104167          0
 0.0619792  0.0229167          0
 0.0619792   0.021875          0
 0.0619792   0.021875          0
 0.0432292  0.0239583          0
0
79
0.178646 0.3875 0
0.191667 0.405208 0
0.220833 0.408333 0
0.248438 0.410417 0
0.272396 0.409375 0
0.294271 0.403125 0
0.313542 0.397917 0
0.314583 0.377083 0
0.316667 0.352083 0
0.310937 0.348958 0
0.316667 0.3375 0
0.311458 0.322917 0
0.301042 0.310417 0
0.292708 0.297917 0
0.291667 0.277083 0
0.278125 0.273958 0
0.271354 0.245833 0
0.267188 0.210417 0
0.284375 0.210417 0
0.297396 0.204167 0
0.304688 0.198958 0
0.303125 0.185417 0
0.291667 0.180208 0
0.296354 0.167708 0
0.290625 0.161458 0
0.283854 0.158333 0
0.285417 0.148958 0
0.290625 0.140625 0
0.282813 0.1375 0
0.282292 0.117708 0
0.283854 0.105208 0
0.291146 0.0916667 0
0.301563 0.0770833 0
0.295833 0.0677083 0
0.288021 0.0666667 0
0.276562 0.0625 0
0.265625 0.0541667 0
0.260937 0.046875 0
0.265104 0.0395833 0
0.264583 0.0260417 0
0.253646 0.0114583 0
0.240625 0.0125 0
0.227604 0.0208333 0
0.226042 0.0364583 0
0.23125 0.05 0
0.225521 0.053125 0
0.21875 0.0645833 0
0.204687 0.065625 0
0.191667 0.06875 0
0.193229 0.08125 0
0.197917 0.084375 0
0.203646 0.0958333 0
0.207813 0.110417 0
0.211458 0.133333 0
0.202083 0.141667 0
0.208854 0.153125 0
0.207813 0.158333 0
0.201563 0.1625 0
0.194792 0.167708 0
0.2 0.180208 0
0.188542 0.185417 0
0.188021 0.189583 0
0.188542 0.197917 0
0.191667 0.20625 0
0.198437 0.207292 0
0.221875 0.213542 0
0.221354 0.221875 0
0.221354 0.244792 0
0.214583 0.278125 0
0.202604 0.273958 0
0.199479 0.29375 0
0.196354 0.304167 0
0.190104 0.314583 0
0.175 0.33125 0
0.178125 0.344792 0
0.180208 0.355208 0
0.176042 0.355208 0
0.175 0.3625 0
0.177604 0.386458 0
83
3
0.110417 0.161979 0.154167
0.135937 0.139583 0.148438
0.107813 0.0979167 0.167708
12.4844
11.2031
1
6.24793
6
6
67 3
 0.178646    0.3875         0
 0.192708  0.401042         0
 0.220833  0.408333         0
 0.248437  0.410417         0
 0.272396  0.407292         0
 0.294271  0.403125         0
 0.308854   0.39375         0
 0.314583  0.377083         0
 0.314583  0.353125         0
 0.310937  0.348958         0
 0.315104    0.3375         0
 0.311458  0.322917         0
 0.301042  0.310417         0
 0.292708  0.297917         0
 0.290104   0.28125         0
 0.278125  0.273958         0
 0.271354  0.245833         0
 0.271354  0.213542         0
 0.284375  0.209375         0
 0.297396  0.204167         0
 0.304167  0.198958         0
 0.302083    0.1875         0
  0.29375  0.178125         0
 0.295312  0.171875         0
 0.290625  0.161458         0
 0.283854  0.158333         0
 0.285417  0.148958         0
 0.289062   0.14375         0
 0.282813    0.1375         0
  0.28125   0.11875         0
 0.283854  0.105208         0
 0.291146 0.0916667         0
 0.299479 0.0802083         0
 0.295833 0.0677083         0
 0.288021 0.0666667         0
 0.276563    0.0625         0
 0.265625 0.0541667         0
 0.260938  0.046875         0
 0.265104 0.0395833         0
 0.264062  0.028125         0
 0.253646 0.0135417         0
 0.240625    0.0125         0
 0.228646 0.0239583         0
 0.226042 0.0364583         0
 0.230208  0.046875         0
 0.226562 0.0541667         0
 0.217708 0.0604167         0
 0.205208 0.0645833         0
 0.194271 0.0708333         0
 0.193229   0.08125         0
 0.197917  0.084375         0
 0.203646 0.0958333         0
 0.207813  0.110417         0
 0.208333  0.135417         0
 0.203125  0.142708         0
 0.206771  0.154167         0
 0.207813  0.158333         0
 0.201562    0.1625         0
 0.194792  0.167708         0
 0.197917  0.177083         0
 0.188542  0.185417         0
 0.188021  0.189583         0
 0.188542  0.197917         0
 0.191667   0.20625         0
 0.198437  0.207292         0
 0.217708    0.2125         0
 0.221354  0.221875         0
0
98
0.00625 0.921875 0
0.0234375 0.929167 0
0.0526042 0.936458 0
0.0833333 0.935417 0
0.106771 0.933333 0
0.129688 0.928125 0
0.140104 0.917708 0
0.142187 0.898958 0
0.143229 0.88125 0
0.136979 0.870833 0
0.143229 0.867708 0
0.141667 0.852083 0
0.135417 0.840625 0
0.125521 0.835417 0
0.11875 0.821875 0
0.118229 0.803125 0
0.104688 0.802083 0
0.0994792 0.782292 0
0.096875 0.755208 0
0.096875 0.740625 0
0.105729 0.736458 0
0.122396 0.733333 0
0.132292 0.725 0
0.128125 0.707292 0
0.118229 0.704167 0
0.123438 0.692708 0
0.116667 0.686458 0
0.108854 0.683333 0
0.110937 0.673958 0
0.115104 0.669792 0
0.111979 0.6625 0
0.108333 0.659375 0
0.119792 0.635417 0
0.126042 0.613542 0
0.126562 0.607292 0
0.121354 0.602083 0
0.109896 0.598958 0
0.0942708 0.595833 0
0.0942708 0.590625 0
0.0869792 0.589583 0
0.0901042 0.580208 0
0.0848958 0.576042 0
0.0833333 0.56875 0
0.0833333 0.56875 0
0.0989583 0.56875 0
0.0989583 0.56875 0
0.1 0.545833 0
0.1 0.544792 0
0.1 0.544792 0
0.08125 0.542708 0
0.0807292 0.542708 0
0.0807292 0.542708 0
0.0828125 0.534375 0
0.08125 0.527083 0
0.075 0.521875 0
0.06875 0.522917 0
0.0598958 0.526042 0
0.0619792 0.538542 0
0.0614583 0.544792 0
0.04375 0.54375 0
0.0432292 0.54375 0
0.0432292 0.54375 0
0.0432292 0.569792 0
0.0432292 0.569792 0
0.0432292 0.569792 0
0.059375 0.56875 0
0.059375 0.569792 0
0.059375 0.569792 0
0.0541667 0.580208 0
0.05625 0.589583 0
0.0494792 0.589583 0
0.0494792 0.594792 0
0.0223958 0.603125 0
0.0161458 0.607292 0
0.0182292 0.61875 0
0.0369792 0.663542 0
0.0291667 0.666667 0
0.0369792 0.684375 0
0.0260417 0.686458 0
0.0208333 0.692708 0
0.0255208 0.703125 0
0.0130208 0.709375 0
0.0151042 0.726042 0
0.0229167 0.732292 0
0.0536458 0.736458 0
0.04375 0.788542 0
0.0390625 0.798958 0
0.0270833 0.802083 0
0.0229167 0.834375 0
0.009375 0.840625 0
0.000520833 0.85625 0
0.00572917 0.876042 0
0.0015625 0.882292 0
0.0015625 0.890625 0
0.00260417 0.9 0
0.00260417 0.908333 0
0.00416667 0.916667 0
0.00520833 0.919792 0
102
3
0.00364583 0.003125 0.219271
0.0078125 0.00677083 0.141146
0.00364583 0.00208333 0.209896
1
1
1
6.56986
6
6
67 3
 0.00625 0.921875        0
0.0239583 0.930208        0
0.0526042 0.936458        0
0.0833333 0.935417        0
0.106771 0.933333        0
0.129688 0.928125        0
0.139062 0.917708        0
0.142188 0.898958        0
0.143229  0.88125        0
0.138021 0.872917        0
0.143229 0.867708        0
0.141667 0.852083        0
0.134896 0.844792        0
0.125521 0.835417        0
 0.11875 0.821875        0
0.116667  0.80625        0
0.105729 0.798958        0
0.0984375 0.785417        0
0.096875 0.755208        0
0.096875 0.740625        0
0.105729 0.736458        0
0.122396 0.733333        0
 0.13125 0.721875        0
0.128125 0.707292        0
0.120312 0.702083        0
0.120833  0.69375        0
0.116667 0.686458        0
0.110937 0.684375        0
0.110937 0.673958        0
0.114063 0.669792        0
0.111979   0.6625        0
0.108333 0.659375        0
0.118229 0.634375        0
0.126042 0.613542        0
0.126563 0.607292        0
0.121354 0.602083        0
0.109896 0.598958        0
0.0942708 0.595833        0
0.0942708 0.590625        0
0.0869792 0.589583        0
0.0885417 0.582292        0
0.0848958 0.576042        0
0.0833333  0.56875        0
0.0833333  0.56875        0
0.0989583  0.56875        0
0.0989583  0.56875        0
     0.1 0.545833        0
     0.1 0.544792        0
     0.1 0.544792        0
 0.08125 0.542708        0
0.0807292 0.542708        0
0.0807292 0.542708        0
0.0828125 0.534375        0
 0.08125 0.527083        0
   0.075 0.521875        0
 0.06875 0.522917        0
0.0619792 0.528125        0
0.0619792 0.538542        0
0.0614583 0.544792        0
 0.04375  0.54375        0
0.0432292  0.54375        0
0.0432292  0.54375        0
0.0432292 0.569792        0
0.0432292 0.569792        0
0.0432292 0.569792        0
0.059375  0.56875        0
0.059375 0.569792        0
0
64
0.181771 0.919792 0
0.196875 0.929167 0
0.220312 0.933333 0
0.252604 0.9375 0
0.276042 0.930208 0
0.294792 0.926042 0
0.310417 0.91875 0
0.315625 0.907292 0
0.317708 0.879167 0
0.311979 0.869792 0
0.316146 0.861458 0
0.316146 0.847917 0
0.30625 0.838542 0
0.292708 0.825 0
0.291146 0.8 0
0.278125 0.796875 0
0.273438 0.778125 0
0.270313 0.752083 0
0.271875 0.735417 0
0.288021 0.732292 0
0.302083 0.725 0
0.308854 0.703125 0
0.289583 0.70625 0
0.297917 0.686458 0
0.281771 0.680208 0
0.288542 0.664583 0
0.279167 0.653125 0
0.286979 0.621875 0
0.303125 0.597917 0
0.294271 0.5875 0
0.275 0.586458 0
0.259375 0.572917 0
0.270313 0.552083 0
0.255208 0.538542 0
0.238542 0.5375 0
0.221354 0.55625 0
0.235937 0.572917 0
0.21875 0.585417 0
0.2 0.588542 0
0.186979 0.597917 0
0.208854 0.615625 0
0.209375 0.658333 0
0.208333 0.658333 0
0.202604 0.665625 0
0.210417 0.675 0
0.203125 0.686458 0
0.196354 0.686458 0
0.199479 0.702083 0
0.186458 0.708333 0
0.186979 0.720833 0
0.197917 0.73125 0
0.2125 0.733333 0
0.221875 0.7375 0
0.221354 0.757292 0
0.21875 0.782292 0
0.2125 0.797917 0
0.198958 0.797917 0
0.198958 0.821875 0
0.1875 0.836458 0
0.175521 0.84375 0
0.178646 0.867708 0
0.177083 0.880208 0
0.173958 0.894792 0
0.179688 0.915625 0
68
3
0 1 0
0 1 0
0 1 0
1
1
1
5.93074
5
5
35 3
0.181771 0.919792        0
0.196875 0.929167        0
0.220313 0.933333        0
0.252604   0.9375        0
0.276042 0.930208        0
0.294792 0.926042        0
0.310417  0.91875        0
0.315625 0.907292        0
0.317708 0.879167        0
0.311979 0.869792        0
0.316146 0.861458        0
0.316146 0.847917        0
 0.30625 0.838542        0
0.292708    0.825        0
0.291146      0.8        0
0.278125 0.796875        0
0.273438 0.778125        0
0.270312 0.752083        0
0.271875 0.735417        0
0.288021 0.732292        0
0.302083    0.725        0
0.308854 0.703125        0
0.289583  0.70625        0
0.294792 0.686458        0
0.284375 0.677083        0
0.288542 0.664583        0
0.282292 0.654167        0
0.286979 0.621875        0
0.301042 0.598958        0
0.294271   0.5875        0
0.275521 0.585417        0
0.260938  0.56875        0
0.266667 0.555208        0
0.255208 0.538542        0
0.238542   0.5375        0
0
0
4
3
0 1 0
0 1 0
0 1 0
1
1
1
0
-1
-1
0 0

0
-100000
